BFS
150 100
67 43
15
4
146 22
19 57
74 73
95 85
70 124 35 88 100 99 96 108 104 134 91 112 95 124 74 78 93 108 56 102 64 120 99 93 114 118 100 118 81 107 109 114 106 106 99 97 110 82 84 133 103 108 129 70 87 77 126 105 131 124 115 139 93 93 86 123 99 83 106 78 99 113 91 86 116 100 154 87 115 100 112 113 123 79 93 98 113 90 76 90 136 102 105 97 97 132 106 110 44 82 119 88 103 73 93 85 103 65 140 80 115 87 139 76 92 109 106 92 96 78 107 124 54 88 87 119 110 68 116 129 60 94 72 93 121 113 128 111 130 104 122 124 76 102 85 85 87 85 106 102 73 97 101 82 105 125 117 124 125 89 
62 111 67 87 140 103 86 117 97 89 84 76 105 78 120 149 148 126 87 119 109 81 74 118 78 86 111 131 91 115 91 96 156 110 110 57 86 98 84 102 98 62 94 80 110 125 92 111 86 56 102 69 123 125 89 112 91 99 81 100 136 140 79 100 76 108 116 74 97 121 92 118 75 76 101 94 136 81 120 97 80 107 78 135 70 88 123 103 123 99 99 122 81 128 69 132 131 119 122 92 121 113 99 101 84 93 76 100 125 88 89 77 115 121 120 152 72 114 91 87 70 87 125 82 86 81 82 88 100 117 119 110 92 131 88 87 122 85 112 115 105 91 98 101 85 91 62 105 128 123 
103 79 88 122 79 125 97 108 92 138 103 85 89 69 62 106 116 75 93 113 90 96 93 116 139 117 80 109 113 87 141 98 65 94 82 115 114 127 96 80 106 86 147 93 105 81 92 112 93 74 72 98 89 98 91 81 88 97 93 132 84 107 98 78 154 113 106 70 132 78 83 109 108 60 116 61 101 75 112 73 87 125 58 95 102 116 112 92 115 88 69 91 87 98 105 11 106 104 64 103 129 111 143 94 88 99 108 118 98 122 83 102 98 88 122 129 100 109 95 102 127 60 66 90 121 101 89 94 141 92 115 88 93 83 83 124 148 114 128 100 78 125 91 113 112 97 128 73 76 79 
71 88 118 110 114 116 101 120 79 80 120 94 84 115 87 111 106 112 93 121 75 60 87 100 61 81 110 115 96 113 96 83 97 93 81 60 86 161 123 50 100 67 100 94 91 68 124 80 108 55 106 149 99 141 117 93 115 114 92 125 92 122 75 101 79 113 83 136 99 108 107 95 107 105 114 128 61 48 123 103 87 98 103 119 79 90 109 114 61 111 125 73 115 97 102 92 90 101 87 89 128 89 120 150 109 120 63 93 84 107 105 102 107 102 102 93 51 100 118 89 78 72 53 97 56 46 119 111 131 57 81 76 87 124 98 106 105 126 106 87 91 88 126 110 92 103 96 117 81 100 
112 117 93 95 103 107 103 77 124 81 109 106 95 94 123 137 105 104 123 93 95 114 88 96 130 96 81 83 100 119 105 152 117 75 105 81 113 132 123 93 83 89 75 115 105 86 81 126 52 92 77 95 130 95 131 110 98 110 74 84 87 132 110 76 109 122 99 103 67 96 87 82 111 124 137 70 100 90 142 123 158 74 101 108 131 84 128 72 107 125 100 87 102 82 86 124 83 112 111 96 119 104 69 98 93 129 84 100 71 113 104 108 102 84 115 118 98 97 110 88 119 113 124 84 73 80 88 107 100 65 142 96 86 78 121 143 91 83 81 89 113 102 97 141 75 83 100 115 88 85 
104 100 131 106 116 117 58 112 106 61 77 115 108 99 109 64 76 93 98 82 78 96 128 80 86 101 94 143 124 79 101 127 125 48 110 91 121 67 74 75 97 93 127 126 107 77 121 97 77 93 115 103 97 64 87 81 98 121 125 79 98 71 93 97 113 113 140 119 53 131 74 109 107 102 123 100 126 86 124 132 82 71 106 77 98 97 86 112 93 134 74 108 89 142 60 116 59 117 98 124 129 110 77 81 90 131 81 112 112 102 98 93 101 97 113 95 56 74 114 103 74 87 90 90 115 89 155 70 123 100 100 88 104 117 78 86 75 73 110 90 62 68 117 91 116 74 119 103 99 109 
85 92 96 103 72 110 113 105 99 104 96 125 113 102 124 70 82 121 133 109 101 97 142 95 51 104 107 85 58 91 100 74 102 85 101 123 104 106 107 55 102 97 118 77 138 117 73 73 53 90 59 121 108 88 86 106 84 94 63 108 126 101 104 61 127 126 116 110 72 78 71 70 113 109 87 104 97 89 126 133 119 115 76 89 93 49 77 93 67 63 89 77 128 127 112 105 105 93 128 98 105 129 89 84 98 108 136 74 107 74 138 116 77 104 105 70 102 65 86 117 90 79 133 89 109 132 105 80 126 106 98 127 136 110 78 67 96 101 129 121 120 107 98 44 70 92 51 97 94 127 
86 94 126 119 72 74 132 91 100 90 63 132 87 72 98 101 98 90 103 84 116 70 131 102 103 102 83 100 109 126 74 94 75 130 84 105 94 79 107 81 90 74 82 118 94 94 94 102 103 107 104 75 79 102 126 122 135 79 112 119 126 130 127 136 87 77 104 87 113 86 74 121 79 132 112 104 71 140 128 91 74 76 100 90 116 88 102 104 97 105 91 143 92 75 85 58 101 92 93 88 119 109 84 127 73 130 87 78 111 141 109 122 103 102 76 124 96 117 83 90 95 148 92 97 108 133 66 97 79 112 84 71 110 78 77 115 116 109 82 94 101 143 100 95 93 95 108 104 137 93 
89 89 115 114 97 93 86 155 113 75 111 65 94 125 114 87 89 60 85 116 108 112 102 69 116 80 127 103 99 102 110 149 89 125 87 86 93 87 89 142 94 83 123 95 140 86 100 118 121 96 94 76 112 88 86 87 76 81 106 110 76 124 55 103 103 91 143 120 110 116 83 100 99 73 74 78 86 99 118 91 72 97 142 111 91 89 119 123 85 98 104 116 79 102 114 99 97 88 105 86 103 124 97 113 76 121 83 84 131 74 92 93 102 111 106 87 116 100 102 97 96 89 93 69 74 102 110 131 114 93 86 82 99 102 100 92 71 85 73 105 94 95 111 73 75 94 107 32 91 104 
105 61 107 102 84 89 82 80 132 70 90 105 83 83 115 101 84 89 90 58 101 107 122 135 131 91 69 70 83 113 95 77 105 99 111 60 108 98 88 113 96 76 94 124 81 120 101 89 111 112 85 97 82 99 104 115 79 110 100 56 100 63 67 105 110 78 124 117 89 119 120 78 91 120 107 90 110 72 92 99 50 114 120 96 93 74 95 92 59 120 89 119 122 87 94 100 96 82 105 97 107 107 111 139 93 92 115 90 85 91 102 56 121 88 82 80 89 132 102 99 123 100 97 80 108 127 96 123 121 104 139 84 135 85 100 118 87 120 97 128 133 112 98 99 143 113 140 74 96 53 
105 87 117 147 144 102 109 88 95 93 84 103 66 85 120 83 132 89 94 134 72 114 73 97 68 94 115 107 93 98 118 121 121 150 131 77 103 94 107 72 82 88 88 85 116 170 104 92 79 101 95 97 125 96 86 129 100 101 115 134 77 90 109 69 118 98 81 84 66 102 73 70 109 63 88 83 101 78 102 69 120 107 109 129 140 87 101 123 119 106 90 89 79 81 103 103 109 85 88 102 103 157 100 70 46 114 85 93 96 96 100 109 113 84 61 108 66 99 111 73 89 75 120 96 64 119 109 85 91 106 75 115 71 80 98 127 116 86 130 95 93 119 110 85 96 105 87 101 93 82 
83 115 85 112 149 106 95 122 95 102 89 97 95 98 97 109 126 98 89 102 73 131 70 81 73 113 84 100 98 121 118 62 84 88 82 71 129 96 91 88 93 98 101 104 69 99 114 94 132 95 107 52 67 88 131 87 93 123 45 114 115 66 89 83 89 88 79 83 106 151 60 117 127 120 93 104 139 70 135 111 136 109 118 49 111 69 110 143 75 97 104 118 114 83 127 93 110 79 84 36 97 99 108 103 115 104 118 83 90 115 95 121 72 59 98 136 95 56 169 133 105 123 124 87 95 109 110 103 99 121 60 105 104 96 97 86 128 80 125 120 95 90 102 119 129 94 94 115 138 83 
52 105 136 118 111 68 69 82 114 86 97 110 98 95 116 100 89 80 95 95 119 126 115 95 141 149 91 116 70 103 94 128 101 96 105 86 109 85 116 103 84 102 108 118 105 99 87 116 110 127 78 107 101 123 98 148 113 145 72 87 91 114 100 91 73 114 93 63 114 81 132 111 110 67 103 89 145 52 85 100 98 112 130 83 72 107 80 132 89 94 106 103 119 109 104 116 74 112 109 103 100 91 74 91 100 97 92 107 122 79 85 124 115 88 112 78 101 54 101 88 109 92 84 105 133 106 66 113 80 73 75 122 107 102 96 96 58 101 82 102 89 106 90 102 121 123 71 91 86 86 
107 93 115 109 103 84 86 100 87 89 76 123 101 95 117 112 79 80 100 100 97 73 127 120 107 100 120 111 119 94 107 98 64 81 123 129 71 99 69 85 106 79 103 114 91 104 97 83 102 72 113 89 90 109 80 99 118 117 73 126 105 86 134 143 68 113 81 99 124 124 129 126 75 131 83 127 112 106 130 96 113 96 89 74 45 99 118 98 91 124 45 64 108 99 89 85 71 105 100 113 97 82 109 119 85 121 119 87 97 123 110 108 153 99 133 93 108 84 90 101 96 118 111 112 108 104 128 104 71 106 85 71 78 111 117 68 83 105 100 78 107 110 114 108 82 102 103 96 64 129 
115 82 57 114 150 108 91 116 96 72 101 109 114 127 83 135 134 97 132 114 70 87 78 115 103 98 78 82 143 67 71 110 99 100 90 89 88 59 125 100 100 111 80 74 119 68 109 99 111 66 67 96 123 114 94 88 109 108 95 76 105 85 125 156 100 83 131 117 121 106 95 56 81 102 100 103 108 94 87 97 101 76 109 119 70 141 67 109 88 101 117 125 166 109 122 119 95 91 115 121 121 96 111 121 99 137 93 106 71 76 109 127 94 69 99 120 90 83 107 97 97 98 124 79 112 133 122 102 81 88 90 115 103 83 90 89 102 97 111 127 87 112 119 108 57 135 94 133 108 147 
121 49 115 105 119 104 109 98 102 94 103 107 111 124 91 84 96 128 87 91 108 90 139 94 97 91 106 85 112 126 66 82 93 89 129 95 90 88 113 76 137 100 113 127 81 88 106 85 65 112 97 115 130 105 110 117 77 112 106 99 121 76 83 105 90 141 52 117 96 130 104 72 69 86 66 117 69 74 77 108 106 85 115 116 103 118 141 84 121 61 86 105 82 92 86 104 108 100 82 112 93 108 109 68 96 108 106 84 60 118 115 106 137 96 93 117 115 99 101 78 84 94 100 86 109 101 94 120 115 79 94 132 109 127 173 93 139 95 97 88 80 92 81 95 121 71 127 94 91 93 
90 77 104 118 59 112 97 80 135 73 95 92 82 90 73 127 90 83 124 96 83 110 110 118 120 91 73 110 89 107 88 103 99 96 80 93 116 78 62 83 107 77 128 81 88 99 95 155 112 85 113 100 127 108 95 109 103 79 133 83 86 82 108 83 99 122 81 100 96 112 108 92 110 86 109 95 124 89 121 128 90 114 116 107 139 85 126 96 79 98 85 134 128 81 92 83 83 104 78 78 72 50 109 89 89 51 126 107 98 74 84 119 133 74 117 107 106 123 104 92 112 97 119 111 124 85 76 67 78 77 89 106 120 103 55 100 79 60 101 81 93 95 86 94 91 104 130 61 126 106 
85 105 87 108 84 124 147 74 107 104 111 75 109 100 82 113 100 118 90 98 85 121 90 84 120 121 143 77 108 86 125 99 104 129 71 98 84 101 96 76 87 116 70 109 110 112 112 91 90 104 126 125 88 104 105 127 106 93 84 80 51 114 104 88 124 83 97 93 74 110 75 110 92 71 116 103 75 121 120 93 97 117 104 91 101 67 102 97 95 132 95 94 56 117 104 105 96 112 95 115 139 113 111 86 127 122 104 118 164 113 106 118 107 37 99 73 142 113 122 127 86 76 82 123 152 104 86 117 127 82 82 84 89 136 89 71 120 97 101 121 99 94 102 93 79 84 94 116 90 83 
131 115 93 95 72 150 134 88 115 102 82 135 121 85 82 119 108 87 91 125 112 106 115 70 72 155 122 84 109 145 133 86 75 91 132 121 95 94 124 114 87 95 111 123 89 99 148 89 115 91 73 125 125 161 78 118 91 119 121 90 100 122 80 91 94 85 84 109 121 97 121 111 126 98 122 74 74 100 84 85 88 69 130 70 98 100 68 69 102 91 94 115 113 105 75 144 104 88 142 88 64 141 111 93 115 104 87 117 115 83 78 99 109 91 97 125 83 112 102 147 104 95 144 112 145 125 93 99 125 89 117 97 130 105 115 130 123 69 67 132 102 112 81 104 120 104 107 84 129 134 
90 93 69 93 109 106 104 129 79 100 95 90 77 113 131 126 112 96 111 86 106 113 128 114 91 91 106 106 92 91 75 130 49 91 120 72 115 134 130 89 90 72 68 99 119 62 93 95 114 112 61 88 91 94 111 84 85 105 81 96 58 118 77 74 45 102 84 86 82 94 103 96 61 74 75 116 111 75 62 134 134 109 105 97 131 111 81 119 109 74 149 94 116 110 87 74 112 107 114 79 97 86 152 120 98 79 59 105 83 115 84 68 104 133 98 60 88 115 73 121 80 104 132 96 89 102 73 108 114 116 119 117 85 86 54 116 112 97 104 113 88 95 124 75 98 105 91 106 72 97 
103 107 94 130 132 117 92 128 97 45 93 81 111 90 117 135 80 77 119 121 83 91 93 70 102 100 131 103 104 79 80 29 110 94 100 129 95 104 95 96 100 122 81 84 100 117 92 71 77 88 100 78 83 134 121 96 127 133 96 99 127 87 102 104 136 103 110 125 109 78 98 105 75 100 57 85 89 96 101 97 78 126 122 69 99 105 76 110 111 96 80 73 90 133 146 100 68 90 87 105 94 96 87 69 68 89 135 78 89 129 94 31 122 93 108 90 102 111 97 102 112 96 119 110 98 129 106 118 101 81 96 107 93 92 71 112 90 95 101 130 121 83 116 71 99 133 60 77 103 82 
105 107 114 96 78 126 94 67 108 104 94 91 140 97 104 92 81 117 120 110 112 103 95 84 110 79 111 107 122 107 113 104 76 122 119 103 106 74 105 121 61 82 102 80 88 99 113 97 89 110 60 75 94 146 128 98 99 146 112 117 134 91 81 103 160 123 82 113 107 64 110 55 93 136 120 110 91 67 88 125 81 82 94 95 105 93 97 104 106 93 92 82 86 81 92 102 85 91 72 91 110 121 76 108 81 88 121 95 92 115 119 115 141 110 139 111 96 111 100 98 110 96 42 86 88 98 87 90 149 94 120 148 116 85 107 103 85 118 100 89 104 79 112 101 77 115 102 83 122 88 
106 94 93 127 101 131 105 131 83 89 127 95 89 84 94 87 132 98 143 126 100 21 118 100 91 140 105 115 135 87 121 78 93 107 60 141 118 80 81 89 107 114 116 116 102 113 71 91 113 93 105 97 121 113 78 120 103 103 126 92 59 111 115 64 94 62 93 93 111 98 81 127 86 138 86 80 46 112 101 104 102 63 64 120 111 101 92 73 122 81 85 92 107 78 116 93 121 104 74 107 95 93 58 78 92 100 110 139 89 64 98 91 119 98 117 121 65 101 55 120 104 88 103 121 94 81 77 69 112 76 101 101 97 82 91 68 99 93 100 123 97 114 102 88 105 106 108 122 103 107 
83 121 119 120 90 86 76 102 115 80 46 96 131 109 79 110 85 112 115 114 96 87 123 86 81 106 82 72 97 119 97 95 119 124 77 87 99 91 116 92 77 88 94 76 91 129 120 115 104 76 112 89 79 103 139 82 88 108 73 112 89 70 86 109 107 81 144 123 108 77 105 142 130 106 91 112 111 109 105 60 102 82 116 99 128 111 43 90 106 73 131 89 111 68 87 99 103 119 57 82 93 115 111 105 107 91 123 84 97 122 111 123 89 81 131 69 95 91 119 70 108 120 97 117 109 72 122 88 139 117 123 116 54 132 75 55 115 126 103 96 136 144 76 74 97 127 121 96 97 100 
77 86 116 96 94 99 77 67 96 76 123 135 106 97 111 113 102 83 92 97 66 110 146 81 105 86 92 103 76 109 148 86 60 115 83 107 102 92 109 101 117 102 106 85 87 105 80 82 131 90 87 102 100 104 104 127 131 106 95 65 130 96 107 71 102 83 78 95 110 66 82 82 108 72 119 96 108 130 100 119 90 95 79 114 132 120 95 82 102 80 102 58 102 84 95 156 113 104 130 70 73 130 111 92 77 77 94 82 111 55 63 91 94 111 72 109 120 121 62 91 135 120 133 120 53 123 64 89 117 110 97 82 84 108 129 125 94 98 118 99 109 110 121 96 101 89 119 102 124 91 
121 86 115 127 102 75 148 85 97 88 119 74 113 129 68 104 95 119 94 114 99 107 99 129 76 107 107 85 65 109 91 71 118 76 62 123 106 101 95 69 98 75 116 117 110 82 100 82 133 84 137 86 119 125 122 96 107 110 86 101 110 89 103 72 87 74 106 105 97 83 94 103 102 119 145 94 138 86 103 119 121 68 94 111 108 110 82 121 84 122 118 95 120 89 113 82 102 85 79 81 89 95 121 124 99 108 115 99 107 87 114 122 92 104 134 112 106 94 114 92 71 89 94 107 72 117 68 77 112 144 91 100 93 110 106 77 82 68 111 84 86 88 125 91 93 110 122 98 79 102 
83 78 81 97 121 136 113 116 113 95 120 102 73 102 122 112 103 91 75 101 111 98 101 85 95 58 101 94 124 116 78 102 106 101 119 96 100 112 123 123 106 107 99 76 86 106 93 98 120 118 88 122 88 68 112 113 106 108 95 113 98 111 51 99 102 103 126 99 115 89 45 93 87 78 108 113 81 112 93 102 97 103 95 122 70 98 142 147 95 108 105 142 113 134 117 109 93 117 132 78 75 86 108 135 106 106 88 55 102 113 107 134 59 149 112 95 118 108 124 119 124 86 71 105 77 99 127 132 96 80 111 83 88 116 94 85 107 132 137 84 118 96 100 126 102 73 79 90 91 80 
51 72 81 101 114 109 86 100 101 92 88 75 89 98 87 63 132 80 74 78 96 130 76 81 137 118 70 116 110 111 118 118 102 112 77 115 91 164 95 106 68 91 77 143 82 123 98 104 79 62 103 101 135 117 117 89 97 142 84 83 93 128 115 104 116 99 84 113 151 78 106 91 99 104 89 82 64 80 95 116 90 116 84 124 111 82 117 111 97 116 92 68 69 101 87 87 149 83 114 97 98 122 111 116 96 136 78 118 108 82 89 56 85 96 136 121 85 109 105 90 106 66 98 100 108 132 90 110 113 104 127 66 85 135 136 98 111 109 100 98 75 102 160 110 105 119 99 84 122 110 
84 111 88 91 81 121 129 142 78 86 100 117 98 125 87 105 125 109 85 101 122 133 95 100 76 90 79 108 75 84 144 76 78 40 99 62 51 114 107 107 111 74 92 153 120 102 119 111 115 116 110 159 92 63 109 56 113 100 74 136 87 89 121 78 118 91 74 103 122 60 94 58 85 114 92 103 138 92 151 91 107 77 96 96 110 140 73 135 98 132 96 134 65 118 112 95 69 57 110 107 75 113 137 89 102 93 92 118 76 73 90 108 59 124 111 66 96 83 115 99 94 71 121 98 100 115 92 86 105 135 97 99 79 68 89 92 101 129 101 64 73 89 108 116 101 92 111 93 78 96 
56 95 83 103 127 84 100 102 81 116 102 105 119 127 87 136 98 86 83 116 105 103 101 120 96 118 134 88 94 83 116 106 97 103 112 127 90 84 96 121 123 88 106 119 112 115 107 102 62 102 95 83 73 121 103 135 88 88 116 69 117 47 117 125 107 115 150 92 121 97 101 95 124 98 95 69 118 135 65 103 65 87 118 83 81 81 110 103 122 88 107 116 91 102 92 123 121 90 64 111 80 58 61 138 90 110 108 110 93 89 130 92 131 117 83 87 97 82 138 112 73 115 64 85 121 101 116 83 129 97 73 132 93 98 126 72 109 94 112 93 68 104 97 167 113 89 126 92 95 134 
120 80 74 107 158 114 91 92 127 95 86 126 41 102 92 92 110 101 106 121 101 142 70 90 70 131 113 112 103 66 113 97 98 99 113 103 121 133 105 98 106 102 105 116 82 97 77 96 119 75 123 92 105 66 72 96 113 133 99 105 90 72 107 113 121 110 119 67 125 117 86 100 95 123 78 108 128 105 100 101 71 117 100 104 53 112 111 95 129 113 120 96 112 105 132 91 80 98 94 93 105 83 82 65 87 133 120 128 97 93 94 86 141 89 119 92 105 106 102 127 67 98 94 107 102 114 96 126 87 83 81 106 75 110 81 87 128 101 132 115 86 105 104 120 114 98 85 141 86 110 
91 65 108 39 140 84 101 87 108 117 74 116 115 80 97 98 115 120 116 87 83 87 79 80 123 115 95 103 83 120 105 87 83 91 103 133 135 85 70 94 132 105 80 93 107 111 119 130 98 103 110 81 98 121 101 117 87 84 82 159 109 85 83 107 92 86 82 86 90 104 112 99 66 136 83 102 131 98 129 60 135 63 77 75 123 99 72 134 108 97 97 115 101 88 98 114 148 134 101 123 89 110 126 94 107 83 100 124 124 84 89 102 108 95 115 89 104 85 70 73 86 118 104 80 88 79 80 129 75 102 89 60 105 84 113 107 79 110 87 107 118 79 109 116 75 80 96 64 108 106 
106 132 87 134 126 64 127 105 87 104 108 95 138 75 104 93 99 90 122 93 91 95 56 104 85 108 112 130 82 72 129 152 91 96 108 112 92 100 122 101 41 121 83 105 81 110 126 82 126 112 82 94 114 103 87 95 123 143 110 81 108 84 111 130 105 69 126 125 100 63 101 77 102 91 88 60 97 92 115 121 98 113 86 124 91 74 96 72 71 106 133 126 144 99 99 91 118 98 82 85 90 98 110 108 123 78 71 93 82 97 77 89 112 95 74 102 76 91 77 91 107 94 103 101 36 102 114 79 114 129 113 71 104 110 86 103 91 94 105 107 135 88 96 110 98 118 121 112 98 99 
147 113 100 85 83 78 127 100 58 117 113 131 93 103 62 106 102 67 117 87 103 91 118 107 95 98 81 110 134 103 97 81 115 103 131 80 89 105 97 74 115 51 116 90 100 126 108 82 77 113 131 64 123 85 110 105 98 73 126 124 110 112 89 96 113 94 105 97 91 83 101 89 33 102 101 132 134 88 95 88 109 87 92 130 102 116 120 99 104 118 122 90 124 99 82 139 117 64 121 115 103 114 103 86 121 71 141 105 101 93 94 88 69 132 96 105 104 119 101 139 77 95 131 119 119 100 127 63 94 104 120 102 104 103 99 82 137 93 109 93 81 108 111 135 121 133 133 52 39 124 
70 138 112 96 99 107 115 55 122 135 78 85 105 97 99 113 82 116 71 69 97 87 90 126 126 61 81 84 86 139 150 100 98 121 69 87 64 117 138 142 126 97 79 97 116 81 79 68 88 104 86 80 54 101 92 94 116 100 117 123 92 131 94 98 117 111 114 110 68 114 114 132 141 122 56 115 107 66 91 82 89 92 92 72 73 80 107 115 96 112 137 99 93 101 56 89 110 124 95 119 98 112 93 126 129 86 87 120 90 110 122 126 118 81 108 96 124 94 108 112 111 85 109 105 102 122 116 73 71 114 103 131 120 117 93 75 116 97 101 86 169 101 100 65 82 115 120 79 108 122 
130 98 63 48 113 83 112 77 100 81 117 155 106 104 82 111 102 145 112 90 102 93 115 79 134 113 97 81 90 76 112 99 117 96 150 84 109 80 109 66 97 58 91 74 113 115 123 107 116 95 79 113 99 102 115 95 130 132 95 114 149 113 110 103 129 89 107 118 125 116 66 107 68 124 77 99 68 85 92 111 117 133 98 88 66 87 112 97 138 75 106 119 94 67 113 111 102 110 93 104 85 88 130 112 110 104 96 43 97 102 93 109 93 88 69 117 69 92 115 105 92 75 128 76 100 114 103 102 116 77 107 103 109 106 76 93 100 100 101 111 121 91 102 102 93 127 87 99 104 63 
108 93 110 107 89 100 80 113 88 106 84 101 89 109 82 97 91 103 119 98 94 54 137 91 110 93 85 130 86 97 118 72 76 94 104 128 64 111 116 135 121 102 148 103 146 117 114 99 116 91 109 103 119 64 102 89 107 98 110 105 113 64 85 58 77 83 127 76 110 77 54 111 88 106 63 106 67 75 106 78 144 69 78 88 117 93 86 104 119 147 116 75 93 137 140 105 114 106 111 109 62 101 122 113 80 124 97 85 107 112 72 99 77 95 112 71 103 138 112 77 120 82 123 87 85 70 99 103 88 66 112 143 116 103 131 100 102 108 66 130 109 116 100 88 72 110 115 74 93 108 
104 119 113 115 87 88 87 81 92 138 77 81 81 94 112 97 117 113 107 77 92 124 93 88 61 79 109 71 89 95 109 121 75 128 105 82 120 120 86 103 67 92 79 126 93 87 129 127 90 116 124 119 106 109 96 99 89 102 100 104 101 92 106 113 98 114 49 122 110 125 76 145 88 112 134 75 107 97 116 91 111 87 94 108 100 95 119 132 85 109 92 97 124 118 76 84 95 99 102 99 110 138 90 107 68 67 126 100 141 91 81 105 79 79 94 58 87 110 103 114 139 96 76 123 134 118 83 132 85 102 120 99 125 95 136 113 82 57 66 98 69 120 97 119 136 93 92 120 87 112 
112 87 90 71 95 125 105 77 112 99 83 122 108 140 87 70 85 112 110 95 102 100 103 143 106 89 116 87 130 92 79 116 120 132 72 105 83 104 123 113 125 109 85 119 60 136 73 78 84 108 85 107 49 105 118 77 104 132 95 86 102 110 125 68 77 120 92 115 108 73 110 117 86 105 65 100 97 70 110 54 94 72 128 85 115 103 97 100 94 62 105 111 56 82 106 156 86 111 100 111 145 114 111 99 77 90 105 117 102 89 110 161 82 119 86 114 126 85 107 83 100 86 131 98 129 83 106 93 60 91 143 51 78 92 106 110 120 118 79 78 100 81 82 108 91 116 97 102 90 100 
95 123 76 65 83 106 111 87 97 89 145 111 62 113 76 82 86 92 95 119 99 86 106 85 47 86 85 114 126 109 100 103 126 86 77 113 92 124 112 110 82 107 106 94 91 81 82 120 138 84 74 135 99 84 72 106 46 82 111 109 107 111 93 107 98 84 122 100 93 130 71 128 112 100 89 99 98 116 91 112 92 81 83 113 112 99 94 99 72 87 42 97 132 91 83 107 61 91 73 103 127 126 116 136 124 111 67 81 116 117 117 74 112 107 109 91 81 99 131 109 73 83 87 73 97 90 118 89 65 89 91 123 58 122 88 98 116 114 121 114 61 123 98 82 76 75 134 119 142 82 
115 71 113 129 95 112 99 83 89 120 102 105 86 111 95 88 102 101 83 100 82 92 106 83 113 102 85 70 110 91 80 94 85 129 68 106 86 66 131 119 85 81 112 106 94 118 75 99 98 81 105 121 109 67 102 95 103 84 130 76 101 101 105 78 78 88 43 86 58 119 122 80 102 119 89 123 141 91 70 78 78 91 96 119 99 72 123 106 84 103 109 102 59 104 87 106 94 82 73 104 86 94 145 68 86 102 117 104 55 94 86 96 72 91 92 111 95 80 69 86 70 68 106 60 83 90 84 86 87 113 113 101 122 68 98 89 98 75 84 93 76 112 126 118 90 102 123 102 74 95 
105 97 100 109 106 76 105 111 84 95 83 79 88 136 137 106 111 118 126 79 113 117 118 86 94 108 120 89 104 129 127 109 116 88 135 132 69 83 70 96 80 118 111 113 109 109 63 130 118 99 109 70 105 92 68 122 113 103 131 111 88 131 82 129 71 122 118 108 121 58 127 90 110 109 114 99 94 108 86 81 105 86 120 133 76 130 81 85 91 107 125 127 104 83 79 74 98 84 105 71 74 113 116 67 102 114 99 125 93 133 82 110 106 66 117 105 113 126 91 101 113 81 80 145 117 119 108 125 119 110 93 93 107 101 91 85 85 134 103 106 90 127 107 96 106 80 106 95 117 113 
125 107 95 90 116 104 121 114 90 111 90 105 123 78 119 108 146 87 89 121 112 109 95 91 73 101 115 78 75 79 104 110 116 108 138 123 84 67 79 99 83 116 98 101 123 80 79 86 78 140 68 71 106 88 79 113 100 121 106 117 96 87 85 93 76 106 122 87 83 114 117 111 109 143 96 91 66 116 82 103 90 89 79 116 144 90 87 91 120 89 127 93 139 108 90 105 82 109 103 131 72 93 101 111 98 68 106 108 87 92 77 31 92 99 109 86 77 64 111 89 64 56 50 83 92 78 102 99 78 90 68 98 75 86 80 151 104 124 126 113 113 108 73 85 84 71 109 91 100 97 
109 94 66 122 99 84 75 132 74 122 128 107 102 86 74 124 78 106 102 68 92 100 127 81 98 96 105 72 114 89 109 77 58 95 81 131 120 95 59 79 116 110 127 82 117 114 85 166 67 96 77 114 81 78 76 90 108 83 94 100 79 104 86 120 69 87 122 122 84 100 138 115 120 78 95 52 125 145 114 97 88 88 68 88 112 129 94 84 94 93 76 86 116 73 105 97 82 86 111 93 89 104 97 81 69 108 125 112 115 113 70 86 123 124 88 105 106 102 111 99 79 81 105 99 123 115 121 145 137 110 87 107 105 88 107 94 77 74 96 111 97 80 84 133 127 127 81 72 73 93 
127 67 102 77 82 66 67 90 99 93 146 95 119 109 114 107 109 86 110 105 102 93 71 79 112 161 104 125 60 132 99 114 113 124 76 50 114 118 70 70 86 120 105 94 98 102 109 104 84 115 97 77 91 71 75 78 89 71 106 83 86 102 116 105 165 79 122 94 122 109 128 111 75 97 68 142 124 109 108 116 85 117 98 82 72 117 102 103 91 105 87 78 108 141 90 101 99 82 114 96 87 109 69 92 88 127 154 131 93 113 88 113 76 97 128 109 110 101 89 101 98 118 87 77 92 83 91 116 113 103 130 75 117 93 122 99 117 76 90 95 155 108 104 45 120 122 141 103 89 95 
120 123 86 86 111 129 88 110 122 112 95 77 79 111 143 103 108 87 73 99 60 111 91 125 120 100 109 71 107 123 138 116 100 85 114 95 108 50 106 90 100 124 91 130 90 88 105 134 116 118 89 96 113 109 96 87 105 89 123 87 94 102 114 77 80 122 118 90 101 67 100 103 93 102 77 120 103 109 114 84 59 63 87 71 127 81 100 75 124 130 113 102 103 86 101 120 103 68 97 88 107 97 87 103 72 91 111 89 87 75 112 110 74 110 122 114 107 88 97 109 93 59 101 75 86 95 94 77 90 102 48 103 92 71 91 108 73 140 105 114 109 93 105 70 72 98 104 127 88 96 
123 69 61 87 80 111 128 89 70 76 99 99 112 101 117 102 97 129 109 102 93 110 106 93 97 121 99 96 65 90 107 127 88 117 101 121 100 91 88 96 101 87 80 95 83 136 83 97 69 77 84 85 78 80 143 94 111 104 110 89 98 127 109 121 86 78 80 124 93 88 104 105 110 87 89 105 102 97 121 108 65 52 71 101 101 88 98 87 131 122 89 136 121 114 74 74 84 112 100 119 106 113 139 83 108 82 120 102 85 96 124 88 116 174 105 70 64 140 97 93 110 99 88 90 61 85 102 116 121 128 92 113 130 79 87 70 106 98 99 47 105 69 92 132 113 86 105 81 81 109 
97 115 115 96 66 101 129 111 120 77 82 106 129 117 115 103 65 70 99 131 109 61 82 128 145 87 84 103 74 116 98 92 133 103 69 113 97 122 123 101 128 109 90 101 75 118 93 77 153 100 76 116 89 53 117 103 91 98 107 68 128 119 122 122 104 97 117 127 76 86 119 89 78 72 108 97 101 102 103 101 90 118 89 78 120 84 88 115 112 112 111 81 119 120 106 108 116 110 76 102 121 101 81 56 111 112 90 101 84 90 120 96 100 111 89 113 119 80 109 121 81 89 100 114 88 94 114 101 102 112 86 131 115 106 98 92 104 59 106 112 69 86 124 47 102 86 65 122 103 74 
113 73 66 108 82 119 85 114 79 86 79 98 122 129 67 96 79 123 109 89 94 115 116 102 109 111 89 94 92 69 125 106 91 72 126 101 85 83 86 84 60 132 73 107 93 75 117 153 71 109 103 110 92 98 142 131 83 101 76 100 64 93 102 111 91 62 64 136 120 123 129 99 103 132 84 94 91 100 117 110 103 65 125 110 79 135 97 107 117 97 89 101 64 110 107 101 102 120 111 102 84 105 103 113 88 82 51 117 100 110 112 103 132 137 96 118 97 111 102 156 114 82 110 150 82 108 94 131 97 67 104 123 97 117 119 75 104 107 111 113 107 137 107 78 84 99 96 109 73 118 
107 106 76 102 113 98 106 121 109 59 113 103 93 118 121 83 53 124 105 87 75 113 96 106 85 110 114 92 70 111 99 117 74 109 96 97 97 91 55 97 116 82 140 130 92 78 92 117 106 89 108 129 92 90 90 103 105 75 112 115 103 108 100 93 114 50 99 90 80 100 107 98 74 87 97 121 67 105 107 97 92 118 103 88 83 117 116 123 88 107 87 106 103 72 124 118 116 100 101 80 96 97 78 80 103 69 96 115 140 117 120 106 66 107 94 93 126 114 130 143 84 117 87 116 138 88 135 133 82 61 82 120 105 78 84 96 117 102 62 92 131 96 96 111 103 65 112 59 104 88 
75 106 75 126 77 69 113 79 91 99 127 98 97 105 72 112 99 97 65 133 90 125 105 87 86 100 96 89 109 97 139 96 90 99 117 136 65 124 101 111 97 111 94 114 92 118 99 91 85 115 106 70 123 105 90 72 142 74 99 87 108 73 90 110 83 101 73 86 64 72 104 78 79 86 90 76 131 92 78 116 98 102 95 96 75 149 133 105 88 87 121 93 123 71 138 108 93 114 131 120 119 157 88 116 100 103 101 112 94 86 97 90 98 110 61 114 77 103 83 119 141 94 122 76 104 60 102 112 83 118 90 120 93 104 104 140 62 93 115 81 92 74 102 109 70 86 121 95 96 107 
82 89 96 98 83 119 96 63 104 73 86 113 75 122 48 96 103 119 64 107 97 125 116 99 122 115 89 89 102 98 112 114 105 101 94 119 98 130 125 98 115 116 94 89 138 73 114 91 135 121 63 57 60 78 96 90 81 60 111 86 99 101 117 94 111 92 115 101 87 117 102 81 103 79 81 132 54 95 102 105 90 102 75 112 62 80 84 88 102 89 142 86 87 98 71 65 128 126 50 79 77 91 88 111 122 131 116 111 115 96 103 61 94 89 100 103 90 92 103 98 139 113 92 120 117 111 103 128 118 93 98 105 95 95 125 87 105 83 117 57 129 102 101 68 118 106 119 101 98 110 
62 76 100 63 51 116 75 106 132 92 90 109 87 106 105 107 89 117 98 56 93 85 101 73 119 85 77 109 57 92 90 91 99 99 86 109 112 135 100 124 84 60 88 95 91 89 124 67 68 82 119 84 53 86 49 103 151 122 96 97 133 59 113 82 156 96 88 85 152 131 92 93 146 122 86 96 120 100 97 93 88 102 107 83 98 97 94 86 118 67 134 99 82 99 76 84 82 92 112 113 115 73 101 89 86 109 111 115 79 94 86 95 114 98 148 66 83 84 95 78 107 116 124 76 90 93 152 95 122 128 119 126 133 110 131 85 68 83 94 109 73 101 86 99 90 96 74 90 104 119 
100 97 127 99 122 137 128 126 79 92 112 88 90 94 74 127 116 96 105 66 105 137 121 123 96 127 82 105 97 116 104 107 99 140 110 131 108 118 80 102 94 112 102 102 78 118 85 107 120 107 111 107 100 105 112 105 110 86 94 114 94 97 102 136 64 110 126 88 106 91 87 84 86 112 116 117 56 131 93 94 107 96 67 112 119 92 125 98 56 80 82 102 124 107 143 92 102 62 121 91 114 107 72 134 108 103 45 83 108 71 82 69 84 109 106 94 97 144 97 127 93 93 105 99 125 99 100 117 113 115 76 81 89 74 94 121 94 58 74 89 129 122 101 77 116 76 108 108 130 101 
103 73 90 85 95 101 103 105 131 82 104 82 97 121 107 117 101 112 77 86 107 69 105 92 81 135 87 81 113 102 83 120 72 81 100 71 82 108 97 74 101 127 71 121 120 117 125 87 102 73 105 84 129 122 113 112 93 83 90 122 57 113 99 91 121 72 97 114 143 104 86 96 80 123 83 95 87 134 82 119 69 101 123 121 112 73 135 89 82 77 79 124 71 114 86 84 121 146 118 105 131 120 92 110 119 86 129 88 151 98 119 79 89 96 86 79 99 104 102 122 116 87 124 90 94 71 94 69 89 81 115 115 89 94 143 136 75 130 93 115 80 104 88 81 113 78 87 132 92 103 
50 95 109 127 109 108 103 131 97 96 90 88 119 124 71 120 75 98 74 140 116 86 74 130 70 74 77 114 107 110 84 109 50 120 68 100 102 94 154 89 133 112 103 122 141 116 69 108 91 70 108 113 95 84 131 119 111 40 123 113 95 108 110 95 116 68 120 87 96 95 78 89 98 71 98 98 120 91 102 81 109 96 104 98 99 77 92 153 103 96 97 108 90 101 153 104 122 85 137 108 81 85 95 95 94 85 101 108 68 104 104 107 113 86 136 110 97 94 100 81 94 138 86 111 99 103 79 96 116 82 91 101 111 121 103 85 112 95 116 138 129 101 123 104 95 121 127 96 125 63 
84 94 139 104 72 69 86 119 103 98 110 125 56 75 111 75 84 95 74 92 123 102 131 67 114 75 82 75 90 68 123 81 109 102 71 87 91 117 106 111 122 97 94 115 118 134 100 98 110 113 100 92 117 132 105 68 105 112 124 100 105 80 91 96 98 111 138 72 71 103 97 108 106 90 94 120 97 123 129 123 83 100 109 116 85 74 97 95 118 111 94 109 88 98 90 86 148 88 108 94 78 104 110 100 70 108 111 93 90 124 86 102 62 75 139 79 123 66 109 118 116 107 128 87 94 136 77 80 124 86 100 80 121 64 115 102 104 111 87 115 127 104 136 97 56 83 112 94 88 84 
66 98 82 122 127 85 60 134 87 87 112 91 83 97 79 122 118 120 68 95 98 98 131 66 141 118 119 83 103 123 135 104 72 76 80 105 83 115 112 122 95 113 100 78 94 105 104 71 123 117 107 124 104 89 109 93 119 100 77 108 79 143 99 67 71 71 80 87 112 85 124 118 102 117 79 81 102 87 111 75 74 91 107 127 103 131 106 76 93 111 115 103 90 85 81 141 105 124 63 73 85 80 93 89 137 127 106 109 107 96 119 79 95 112 88 77 93 129 89 103 98 100 98 98 88 96 114 83 110 89 92 89 87 101 121 102 87 95 73 93 63 117 86 123 108 105 102 111 107 126 
136 98 116 104 113 125 108 105 99 108 98 99 109 118 97 97 50 74 112 91 83 128 100 114 81 82 85 108 125 95 115 120 131 84 104 97 119 135 99 71 108 153 91 110 135 77 122 108 115 105 118 107 69 118 71 103 107 96 114 73 131 116 120 70 88 92 95 80 115 104 102 93 83 73 114 88 60 122 92 117 123 110 112 110 114 94 125 122 127 93 111 65 106 85 137 109 105 104 137 70 69 86 77 126 105 102 97 107 130 103 100 106 105 104 65 122 106 89 91 147 63 91 72 91 81 81 58 89 90 94 109 122 100 123 62 114 111 108 105 91 103 61 95 84 92 91 128 106 124 92 
98 95 120 94 91 91 96 98 50 95 113 120 88 110 122 66 82 106 110 56 114 110 116 110 110 106 122 106 90 112 122 123 102 90 135 68 112 64 70 103 124 117 77 61 110 97 107 114 84 101 113 91 116 88 104 98 87 94 99 71 126 66 123 97 102 122 105 106 85 106 106 126 114 147 109 61 96 96 85 69 116 65 129 134 93 104 89 103 90 124 106 77 90 88 126 76 123 121 125 106 102 99 122 77 96 74 118 125 93 119 74 90 78 148 104 96 101 166 93 82 117 74 89 82 63 130 134 78 121 106 104 115 72 117 91 72 73 72 41 90 134 165 59 137 74 91 74 54 114 75 
80 98 124 101 92 74 128 116 131 103 90 101 90 113 80 100 99 86 115 75 79 77 86 58 85 139 110 154 113 109 69 113 74 105 84 96 127 137 99 86 91 93 109 107 103 131 94 69 76 111 89 76 131 74 100 85 77 98 129 104 77 86 85 101 102 129 82 82 119 88 74 83 114 106 87 91 94 112 61 132 108 98 85 109 84 98 127 80 119 78 103 99 115 106 94 81 69 92 90 110 144 109 103 73 75 117 98 156 99 125 137 105 91 95 81 93 106 115 86 90 72 79 78 132 102 131 97 102 95 110 111 90 95 104 74 148 106 74 126 108 69 86 101 99 95 141 106 108 113 91 
79 89 119 50 113 96 120 109 136 113 133 92 102 72 96 102 110 118 73 104 92 109 122 118 116 134 116 116 82 108 146 110 24 70 88 88 91 97 136 129 80 91 83 124 119 112 102 70 111 102 97 114 74 79 118 89 111 115 65 83 81 97 73 65 93 76 101 122 94 86 74 133 123 92 124 90 143 103 35 110 107 112 80 83 107 123 53 51 93 102 83 141 96 68 108 119 97 102 80 144 122 130 78 128 105 105 118 83 88 92 104 127 68 114 105 105 143 89 84 112 97 95 90 125 78 81 118 106 92 95 77 80 59 52 107 93 123 105 70 67 117 108 70 122 103 79 107 80 108 104 
97 107 102 132 86 73 71 100 90 126 101 117 106 67 86 133 101 93 110 123 82 71 119 135 120 92 111 109 96 81 105 89 131 140 109 117 122 94 105 94 76 146 132 105 130 98 91 98 85 152 128 129 90 142 129 99 90 116 96 68 122 63 78 113 80 82 90 110 118 111 90 84 80 65 103 113 88 69 88 95 132 49 85 71 114 129 59 121 104 99 97 97 76 122 89 61 107 108 124 113 113 98 89 78 102 85 103 88 92 102 92 83 98 139 83 76 104 98 107 117 99 100 112 113 115 111 83 90 104 49 75 102 105 106 80 108 115 127 111 66 130 121 89 146 70 99 123 95 105 53 
81 135 76 93 97 99 79 107 124 110 128 79 81 104 78 121 111 89 124 86 83 122 93 96 113 84 116 126 138 105 132 89 85 99 130 44 59 91 101 115 76 67 96 104 102 120 66 86 82 107 147 122 54 102 65 89 127 84 146 39 88 113 107 106 86 81 117 92 117 117 102 90 78 122 83 104 107 87 92 96 112 108 73 126 66 100 96 83 96 92 90 108 125 126 81 85 108 92 89 84 114 66 94 110 106 76 119 136 96 74 106 100 121 96 98 116 89 88 172 85 41 112 91 112 59 111 94 74 97 108 112 94 86 118 69 122 102 77 108 88 105 98 135 97 103 74 122 80 37 89 
76 58 77 84 97 68 71 107 70 88 82 98 81 103 69 114 61 138 143 104 82 107 131 72 64 84 99 101 130 123 81 89 83 91 107 97 117 118 119 113 65 114 104 100 92 118 116 90 84 114 101 114 106 92 108 113 107 94 110 103 88 81 127 98 101 145 87 121 82 105 81 86 83 67 134 107 111 88 83 101 80 102 106 112 74 96 83 116 59 83 129 109 83 81 119 115 86 81 83 88 108 83 68 118 103 114 106 98 113 96 113 112 91 81 100 77 107 83 85 82 120 111 102 124 101 126 85 96 122 123 96 130 74 82 136 98 113 79 90 116 91 86 66 100 114 99 134 103 93 123 
126 87 86 105 111 109 84 136 100 99 70 95 99 133 123 119 81 125 119 99 91 106 104 120 100 119 68 139 113 108 134 127 106 88 122 94 96 64 106 92 109 116 83 77 109 87 112 115 86 95 82 94 110 113 140 85 92 82 103 73 85 71 93 110 89 133 133 104 85 92 65 92 90 95 145 89 107 97 91 90 79 74 54 105 74 86 117 133 81 84 81 81 112 94 117 122 85 129 146 85 106 134 120 81 96 79 79 97 125 107 94 98 92 95 88 112 78 111 100 78 87 89 121 78 119 105 80 103 109 80 78 77 102 101 100 123 100 120 90 98 70 110 107 79 81 104 65 77 100 73 
91 61 75 154 84 71 115 111 114 107 88 119 86 101 96 101 88 127 57 85 122 109 98 79 76 117 91 114 123 139 88 126 118 84 112 67 87 96 94 101 110 128 92 94 100 99 70 105 116 128 111 79 82 87 76 95 93 97 119 82 120 120 93 89 120 119 108 109 108 123 106 88 89 94 93 142 77 31 116 75 128 84 84 70 96 116 91 99 88 98 130 84 69 108 109 73 132 119 98 105 125 81 84 93 105 111 117 108 125 139 106 110 146 86 77 106 115 104 77 85 82 99 130 121 112 118 92 72 122 124 104 100 129 92 134 114 109 101 86 110 132 52 107 72 130 110 98 98 137 114 
94 108 99 80 113 126 92 88 98 111 74 99 102 106 90 97 130 99 50 112 100 104 92 73 97 131 92 120 120 102 131 76 125 96 111 102 43 92 106 79 115 89 152 79 66 98 108 130 73 61 118 120 97 94 102 110 99 110 120 97 102 87 88 86 79 112 114 116 103 122 143 106 121 80 106 96 64 131 95 78 85 99 95 101 63 105 83 125 103 110 102 127 102 92 128 113 69 111 103 106 79 94 120 77 98 122 102 106 98 111 85 114 97 105 102 82 85 119 86 111 83 117 108 144 102 104 61 126 163 103 121 112 114 105 86 104 91 97 83 124 132 145 82 104 104 111 91 98 75 113 
106 90 107 112 120 106 121 94 84 118 93 110 125 65 122 100 76 95 112 75 60 73 113 77 122 71 80 100 114 68 113 113 77 94 91 85 61 124 120 49 98 90 90 145 113 87 131 122 79 86 120 91 140 102 125 82 112 95 92 116 97 101 117 84 94 124 126 89 36 106 114 81 96 131 139 84 88 94 97 34 44 99 75 129 99 114 126 141 97 59 120 81 88 122 99 96 123 99 117 96 68 76 89 142 86 134 90 65 89 114 104 78 63 84 79 84 147 106 64 82 102 135 85 108 98 109 107 99 112 148 78 124 89 125 81 86 92 119 87 109 92 119 112 69 109 139 131 91 98 101 
81 76 104 70 80 88 97 86 97 102 113 132 91 94 107 85 116 124 122 114 40 94 84 132 87 149 85 108 98 130 101 76 121 108 59 86 131 93 108 69 119 77 83 94 93 98 120 69 93 88 133 125 122 129 109 80 96 100 79 106 102 91 100 136 126 108 112 118 117 108 118 104 57 93 84 103 123 117 112 74 114 109 103 93 94 96 88 102 114 103 120 81 83 42 136 117 67 114 96 96 105 102 104 102 89 97 82 111 122 90 93 90 95 132 76 64 109 85 108 77 48 130 120 84 72 85 71 99 91 89 91 116 83 74 119 66 130 112 121 138 116 118 64 78 74 123 113 111 113 99 
81 111 109 99 88 111 83 108 70 81 109 81 106 112 130 117 121 105 128 116 109 90 89 115 83 75 115 113 106 65 88 114 122 64 113 72 97 90 110 97 121 105 115 119 106 114 112 115 89 99 81 136 68 127 124 100 128 102 128 79 89 96 136 101 117 68 86 109 136 119 126 99 109 75 111 71 104 107 74 98 127 151 114 82 132 112 100 104 92 94 106 123 93 84 132 77 106 74 65 64 89 90 96 80 73 113 89 88 120 73 118 141 118 108 97 125 78 84 104 125 91 88 60 96 106 94 74 97 106 95 104 80 75 126 107 65 110 100 93 93 85 74 104 111 116 142 98 117 104 112 
100 106 70 112 134 49 92 138 85 112 93 97 101 90 72 143 79 131 95 69 104 134 94 122 96 112 88 109 95 103 84 116 81 102 77 103 125 100 69 113 100 119 99 106 95 85 90 110 82 117 118 91 106 83 68 87 69 93 105 85 140 146 112 83 101 83 133 136 165 89 91 80 132 67 57 89 82 114 101 114 103 99 91 62 89 127 127 68 87 91 94 96 98 115 129 117 109 110 88 92 86 101 138 88 68 97 124 123 89 89 162 92 104 85 77 87 125 79 124 76 88 84 82 91 81 89 45 123 118 80 110 106 163 99 92 111 117 107 97 63 63 83 92 122 121 112 116 75 86 117 
96 124 162 100 107 116 97 110 104 111 109 83 80 100 123 94 92 100 102 61 84 91 88 90 140 97 137 86 79 101 67 116 111 133 72 103 101 92 119 81 111 100 101 119 89 149 120 77 95 127 121 98 117 129 124 74 84 79 106 102 106 107 80 92 114 81 97 94 112 102 118 64 120 96 86 114 94 115 104 100 109 88 97 114 95 108 121 67 105 100 111 84 112 92 81 114 99 80 125 88 114 97 127 103 124 76 102 88 122 111 113 85 83 110 88 134 69 97 79 120 118 98 103 104 116 154 123 117 112 91 95 89 113 117 125 69 108 111 97 74 71 104 80 88 87 121 84 106 96 101 
105 82 78 124 78 145 94 104 108 130 93 80 100 98 88 115 117 121 104 100 110 117 126 76 121 89 85 83 95 124 97 103 104 142 82 91 95 78 122 121 105 110 92 114 85 92 95 92 103 123 98 132 72 94 100 108 86 113 113 62 83 72 94 113 87 120 107 93 101 77 101 102 86 84 64 66 120 116 117 110 91 78 101 122 117 75 113 131 87 91 116 77 52 85 88 115 113 89 136 109 70 82 79 107 84 80 100 94 128 132 75 91 98 72 101 86 91 121 94 53 73 94 81 96 127 61 98 69 115 71 128 96 112 91 116 80 98 84 93 105 87 73 128 108 132 73 93 89 106 84 
102 106 93 81 124 103 128 117 112 66 77 116 113 137 109 104 127 100 104 96 89 112 112 136 95 103 102 88 77 113 115 60 96 132 70 90 105 83 79 94 112 109 73 88 118 121 65 117 90 112 105 106 100 118 109 111 94 103 101 90 119 64 84 138 94 88 96 126 116 89 96 116 90 52 116 108 97 78 119 95 144 74 74 129 86 77 111 77 100 106 87 112 87 141 88 70 126 91 114 105 117 113 111 113 71 94 79 94 84 125 106 88 134 119 109 101 96 91 125 130 109 102 124 97 97 101 82 106 73 121 115 112 87 113 46 95 72 110 78 101 110 93 88 111 106 100 117 73 113 94 
82 109 100 110 107 136 124 111 101 79 117 92 110 76 77 80 105 121 91 76 81 115 115 95 64 94 109 115 121 95 132 73 65 91 61 106 87 126 73 103 73 110 89 137 91 94 86 66 102 77 99 80 81 80 128 117 83 97 105 126 108 119 89 95 65 93 117 94 137 132 96 85 128 149 85 93 81 119 120 126 115 114 83 91 79 120 94 91 131 102 96 97 91 111 78 110 100 107 83 100 73 108 105 63 125 91 125 95 110 129 112 96 94 83 43 98 112 159 106 108 124 93 116 119 81 126 104 119 84 74 109 67 83 106 79 110 107 128 108 107 103 93 104 108 112 129 87 110 70 114 
65 93 65 87 98 111 77 73 99 98 143 91 103 109 73 99 117 86 111 34 111 92 97 87 70 113 101 103 78 115 126 103 127 71 120 132 108 114 99 96 107 66 67 90 120 84 126 88 131 81 119 96 61 78 119 75 59 116 106 96 102 94 88 58 105 92 105 70 97 101 79 91 71 91 78 119 111 77 93 96 134 100 103 115 81 123 99 128 105 94 139 101 65 84 85 89 87 110 137 83 94 121 134 114 110 146 92 88 73 85 112 76 98 126 104 132 92 115 87 124 103 54 113 118 82 89 83 97 111 120 111 111 105 103 120 89 116 60 98 88 96 108 114 70 109 77 92 96 92 88 
101 92 120 89 126 126 97 121 126 88 66 92 125 120 99 98 98 111 101 120 131 104 92 74 106 125 109 94 82 96 88 94 86 88 81 94 92 98 80 70 107 118 61 107 106 128 107 121 104 77 97 107 136 58 120 90 118 109 65 61 81 126 106 54 79 92 95 128 132 106 76 92 73 103 103 140 75 90 122 86 102 113 92 111 126 119 79 106 133 85 89 105 110 119 66 111 99 101 97 108 149 82 63 95 89 110 68 105 77 115 109 140 98 114 133 90 90 85 110 101 114 102 85 93 84 98 121 123 119 85 94 97 82 127 79 89 91 87 82 79 115 102 112 116 74 131 90 94 163 92 
134 122 90 102 89 119 130 133 124 105 96 77 89 94 51 107 75 99 124 75 61 143 81 120 88 68 133 101 123 94 71 86 114 88 87 118 91 83 115 89 80 124 128 121 97 114 88 120 79 91 75 112 98 67 108 95 90 67 84 127 120 79 121 83 110 111 131 82 113 69 93 71 105 87 115 95 95 95 123 99 106 103 81 129 69 111 126 111 101 74 117 100 128 110 116 106 120 56 118 84 48 53 106 114 134 74 134 135 64 143 101 86 107 100 64 103 89 132 115 109 120 87 78 64 94 95 145 93 86 90 105 141 111 99 105 106 132 95 130 110 93 119 112 111 63 89 106 88 89 107 
89 88 119 128 85 117 110 130 132 111 70 86 83 115 96 102 100 141 123 95 101 154 99 113 90 65 102 84 131 90 83 93 112 99 109 98 117 86 101 93 102 57 118 110 82 96 154 89 80 106 81 95 109 127 80 121 109 124 116 80 107 86 103 115 78 80 90 88 125 112 87 119 87 78 103 60 119 102 82 101 104 71 97 90 122 111 62 74 104 100 104 100 94 84 100 108 88 109 124 96 114 108 70 102 86 135 107 135 122 75 91 81 121 96 108 118 107 79 96 148 131 80 113 98 102 107 86 75 134 78 100 98 109 100 103 153 93 118 100 89 116 69 120 129 90 99 107 122 121 94 
94 46 95 112 93 88 110 80 92 102 111 132 101 94 96 134 101 95 89 126 105 107 107 73 84 134 107 88 132 89 133 90 126 98 90 120 130 106 127 106 64 99 63 105 92 98 106 122 78 83 93 112 73 77 61 94 109 65 89 117 100 71 71 105 129 83 99 101 84 95 88 98 88 93 107 152 100 118 85 95 71 72 93 97 96 132 63 106 79 83 115 106 115 67 84 98 114 79 95 115 81 131 98 68 135 79 102 52 99 96 81 113 115 108 91 91 95 87 98 105 113 82 117 120 57 102 108 108 139 95 101 49 96 122 106 84 111 135 112 77 80 95 75 111 98 86 78 77 96 122 
87 83 85 134 103 91 127 130 69 115 134 145 95 124 121 81 67 95 97 73 124 103 94 97 81 80 100 136 106 99 126 93 128 108 104 68 106 66 111 87 118 89 85 93 90 120 106 93 122 122 119 106 93 127 119 62 44 127 91 90 104 116 129 114 109 115 72 89 105 62 93 102 119 131 102 112 98 96 77 108 97 87 116 127 59 79 75 116 120 84 109 74 82 65 154 94 121 104 119 108 44 118 54 92 107 127 94 102 113 77 108 74 84 82 106 59 102 86 95 80 77 91 100 83 146 115 83 97 99 92 94 71 143 101 107 107 92 106 91 100 99 82 110 122 71 97 107 70 93 74 
122 83 120 118 136 96 80 111 117 58 120 117 59 95 141 123 117 95 103 87 101 133 81 91 110 115 106 110 120 104 79 127 123 84 128 63 101 115 140 128 103 107 101 92 103 80 100 106 123 96 89 93 114 83 114 58 127 91 83 98 99 85 136 100 113 112 109 116 79 73 86 83 103 124 74 76 83 106 97 107 107 93 74 92 81 111 136 69 94 106 86 102 126 82 121 109 116 122 137 77 73 91 92 92 130 109 86 87 80 95 83 77 61 94 98 78 142 93 87 67 101 119 111 131 105 97 92 100 114 92 86 84 56 84 96 125 107 106 84 110 109 62 122 123 107 79 75 98 114 82 
82 84 87 103 115 85 103 86 103 85 114 106 124 90 73 114 82 90 76 75 85 94 122 87 111 73 95 95 113 75 82 89 100 125 123 97 101 84 77 108 87 126 105 135 94 91 64 124 111 89 109 86 103 97 78 54 101 110 96 91 88 142 139 114 75 98 81 84 116 92 114 102 119 149 95 107 75 63 79 92 110 110 96 115 121 98 107 81 92 101 79 95 117 90 88 107 118 131 112 114 147 129 76 120 65 66 124 96 103 104 95 79 104 142 125 57 113 108 114 113 111 134 102 106 96 136 113 94 145 109 99 115 105 108 97 108 105 80 102 122 130 108 103 102 108 104 97 106 117 108 
107 98 115 90 61 81 107 118 117 60 117 105 125 52 74 130 94 109 113 99 79 96 85 125 90 109 96 83 134 81 130 105 122 117 73 61 117 79 51 99 112 82 88 103 98 131 87 133 89 116 96 110 135 131 116 78 114 73 95 43 133 117 99 84 111 77 102 97 120 42 105 90 108 120 76 126 128 108 57 92 122 93 104 120 115 103 99 107 117 49 117 56 75 89 95 48 67 100 82 95 92 81 89 78 83 95 143 114 112 142 89 83 98 120 88 94 64 114 71 86 109 115 108 118 94 118 130 92 92 123 126 122 118 112 62 88 104 115 117 94 46 121 68 108 99 99 96 71 107 85 
88 115 124 100 94 76 85 115 129 107 72 122 124 127 109 95 136 119 102 95 81 94 85 54 93 129 122 90 109 104 71 78 113 61 110 88 85 102 114 114 113 100 83 97 73 87 88 136 87 119 123 67 114 99 95 105 75 115 79 91 77 131 109 108 111 99 82 66 95 95 128 98 74 104 97 67 113 119 76 104 109 102 104 53 130 81 110 105 96 144 78 131 93 112 78 98 89 87 93 84 102 119 78 102 120 98 76 77 117 71 120 113 93 86 102 79 103 119 83 105 91 111 94 103 81 146 130 108 99 107 99 101 114 121 109 80 128 105 93 114 107 116 80 82 89 111 90 91 67 93 
69 74 95 100 83 105 103 76 123 95 132 104 81 90 85 89 102 111 103 120 115 54 98 89 84 83 94 125 77 80 94 88 94 70 84 82 91 92 87 116 140 111 89 85 126 107 107 122 66 100 102 118 118 74 134 118 106 125 73 100 108 95 110 79 100 107 98 88 76 80 97 102 98 99 134 124 103 145 93 107 111 74 86 89 115 111 122 136 117 117 106 114 95 134 95 133 77 117 90 100 73 107 144 119 74 55 101 115 114 117 91 114 95 67 114 103 74 93 82 107 78 100 112 92 121 97 114 83 121 97 112 75 88 72 91 79 127 131 97 97 65 97 130 78 92 70 116 95 144 72 
104 96 118 107 81 69 125 104 89 94 137 127 84 97 87 124 97 92 69 105 127 106 92 148 118 90 107 93 127 89 103 80 113 105 89 149 140 101 60 92 103 109 90 157 123 105 101 137 125 95 132 127 89 99 105 99 101 83 90 75 136 98 142 114 118 118 93 62 100 75 91 109 120 116 97 103 107 99 82 110 107 112 91 82 128 78 94 92 126 123 115 126 77 130 111 128 118 113 102 115 101 112 95 90 140 48 112 87 95 67 69 107 90 98 110 109 96 124 113 119 78 93 91 115 87 72 110 101 111 162 112 72 114 76 124 105 92 85 114 93 89 73 80 102 123 103 76 89 93 115 
56 129 71 118 141 60 77 89 100 62 141 85 67 107 137 117 84 113 95 75 127 130 75 111 90 87 101 111 73 78 104 143 79 65 80 100 102 82 101 77 104 121 89 105 77 66 121 125 91 62 110 82 115 84 92 35 104 104 100 74 68 95 121 87 129 105 98 64 102 123 108 83 93 103 84 112 110 65 93 90 59 110 123 122 86 79 111 108 92 123 68 84 47 122 67 76 81 113 70 117 97 79 98 89 72 109 93 108 130 91 89 87 141 106 76 80 93 87 126 91 130 116 101 105 69 80 140 97 80 134 102 128 122 102 90 117 123 122 81 94 126 89 120 105 120 101 88 96 94 66 
69 123 89 108 103 114 102 75 108 100 81 112 95 67 119 103 72 118 95 96 81 105 54 73 136 95 103 120 112 71 135 114 113 75 105 92 88 101 75 95 92 86 121 41 124 98 99 117 115 115 84 91 107 91 95 96 65 88 88 95 88 113 104 114 122 70 74 125 81 88 113 142 117 101 108 99 139 108 122 123 141 102 53 123 148 98 120 49 97 98 129 104 118 87 108 73 69 74 127 94 104 81 74 123 90 112 80 71 79 127 85 116 95 141 103 115 111 103 99 112 101 113 85 88 82 90 116 103 74 111 105 118 125 109 95 135 95 115 101 105 121 92 63 108 100 71 85 92 114 141 
102 88 85 75 113 86 120 90 101 105 123 66 80 100 98 127 110 58 115 118 130 94 72 107 86 108 76 139 71 121 125 69 134 105 98 97 116 96 72 90 103 119 117 109 111 108 83 60 77 96 81 104 112 113 93 105 71 89 111 64 148 139 108 94 84 102 91 91 64 101 120 91 107 119 96 94 74 108 127 127 95 80 144 74 134 94 94 82 104 94 97 102 105 88 103 119 124 85 84 113 101 87 137 82 64 103 122 118 119 105 106 65 91 120 110 85 90 140 86 74 91 117 127 108 66 109 121 93 77 113 68 97 98 68 92 114 126 92 99 145 72 119 99 93 74 112 98 111 112 107 
106 122 92 83 111 93 115 93 81 127 129 88 104 99 98 121 110 136 159 92 179 88 124 93 115 69 70 94 75 108 95 88 99 104 81 80 101 90 80 130 105 114 83 80 110 87 76 147 97 111 114 115 146 93 102 107 150 103 110 119 84 125 121 123 78 99 62 44 106 157 73 99 101 84 99 104 79 114 127 128 101 99 71 95 85 63 116 114 84 118 92 135 122 105 77 106 64 73 95 90 108 62 98 134 78 129 117 82 96 58 107 108 92 115 120 84 126 74 76 84 97 64 114 68 108 99 123 54 92 110 77 89 102 91 114 91 97 111 82 72 74 94 101 99 97 103 111 123 99 103 
126 84 94 106 117 77 77 99 70 87 77 100 90 108 112 107 85 109 96 98 107 103 79 108 101 86 116 74 82 92 93 115 123 96 121 122 105 145 105 89 91 104 98 106 80 102 119 106 125 116 91 113 103 98 79 84 90 118 87 130 86 70 101 82 103 86 101 95 140 110 112 77 101 80 67 84 70 94 62 93 72 90 111 84 118 117 86 111 113 78 88 112 93 111 111 95 96 116 77 133 100 86 94 107 99 127 100 127 141 93 125 85 91 95 106 106 89 113 97 118 84 49 115 78 111 102 65 97 99 82 121 89 108 94 142 102 117 85 85 112 120 143 92 89 78 102 103 66 94 92 
114 88 116 97 93 67 93 77 101 111 114 107 68 84 118 68 116 106 101 104 133 100 117 65 93 109 99 93 135 102 93 84 98 100 133 63 84 84 124 129 94 108 119 107 124 79 103 135 121 78 120 84 117 99 112 97 93 59 65 68 96 118 112 100 104 104 86 124 120 65 85 130 111 100 117 77 86 99 73 102 110 94 92 106 86 97 104 96 69 131 83 80 121 86 94 98 98 92 93 110 87 124 90 84 105 91 90 134 70 84 103 96 94 95 125 90 115 125 102 87 73 110 110 116 93 51 129 119 102 117 93 89 126 78 104 57 78 111 115 125 64 122 102 77 92 113 74 106 112 96 
118 133 126 119 96 118 69 104 151 79 61 101 97 103 92 113 104 98 80 68 78 103 104 120 73 118 125 113 107 116 121 70 118 93 86 125 127 86 83 87 112 108 138 115 105 111 112 97 120 101 89 77 134 93 88 104 95 47 104 87 104 101 93 89 89 92 95 130 96 69 88 105 126 132 102 63 96 93 101 77 108 72 111 89 97 100 98 68 122 122 99 103 105 98 76 69 71 122 100 97 101 45 97 96 74 70 58 100 85 110 131 101 83 114 101 78 47 123 82 54 83 80 117 93 93 107 106 96 87 107 92 86 94 108 95 151 92 94 97 98 91 115 91 94 78 59 86 111 94 94 
103 92 104 92 123 81 90 107 104 74 76 102 124 89 98 94 101 73 124 110 94 108 85 79 98 142 109 97 108 116 120 93 91 100 111 117 112 110 97 104 152 83 113 65 103 69 101 86 130 96 125 104 123 49 95 98 104 104 97 108 103 86 115 94 89 47 104 103 93 78 105 140 108 82 96 76 82 79 85 119 105 71 67 120 117 174 105 112 89 104 141 106 71 118 63 80 50 126 105 102 92 100 104 126 100 97 102 98 132 84 113 82 118 73 115 126 124 45 146 115 96 98 78 76 97 73 64 87 95 76 93 109 96 109 121 64 114 114 112 85 107 95 120 80 117 132 112 100 103 77 
115 98 140 90 111 111 109 85 114 113 133 114 82 114 86 98 110 108 117 102 79 109 91 119 86 74 106 92 114 107 69 50 58 140 94 118 103 112 106 160 82 102 97 95 69 94 109 108 111 105 88 96 106 102 91 65 103 88 103 68 89 125 90 95 107 97 107 98 71 64 115 96 64 109 89 56 59 81 131 116 111 108 105 59 93 115 97 130 117 96 94 149 126 99 126 85 109 101 110 108 152 112 93 90 118 135 63 108 69 106 99 95 116 132 92 116 124 79 108 78 105 71 57 98 76 100 90 98 107 100 99 115 90 129 82 83 121 114 111 92 95 98 103 122 111 102 96 137 81 100 
54 116 104 106 109 77 133 77 85 115 82 138 113 91 84 91 124 99 106 115 153 70 118 91 108 102 105 98 93 109 86 82 140 98 88 126 59 94 90 111 87 95 121 95 110 122 130 81 93 94 109 130 101 113 102 80 81 109 114 99 124 128 108 85 103 89 131 111 105 129 76 122 141 92 85 116 112 88 102 99 91 65 58 126 90 100 159 110 88 86 79 93 107 95 127 111 98 63 123 90 98 112 118 86 114 90 91 117 100 120 132 78 70 95 80 72 95 94 117 100 98 68 104 79 123 111 88 117 100 81 84 116 125 111 98 96 131 123 116 102 59 92 121 120 120 90 117 122 116 103 
65 127 108 123 113 87 110 100 150 129 127 138 91 85 122 80 129 80 117 86 114 123 57 131 87 107 125 136 87 111 129 97 100 99 109 110 87 66 77 105 101 110 103 104 77 111 95 126 67 77 90 101 67 83 89 98 69 104 135 110 102 92 101 130 125 128 77 107 84 96 100 129 111 118 70 86 138 123 111 122 115 117 102 109 85 75 86 115 95 97 104 66 105 93 90 70 127 95 86 74 103 89 68 133 103 104 142 103 112 96 99 89 117 106 112 97 103 98 92 98 101 86 88 107 81 103 93 99 133 138 91 96 111 100 50 133 120 113 88 101 97 87 129 64 122 86 150 103 89 97 
76 138 103 79 100 120 106 89 107 92 114 91 107 107 103 68 94 48 113 117 69 115 110 122 111 105 76 96 127 106 97 116 127 115 177 99 99 95 80 93 75 126 101 73 99 139 91 124 65 87 86 104 80 129 87 128 116 92 72 120 63 112 88 74 98 84 81 99 86 82 82 119 133 103 94 111 106 101 47 123 113 84 90 85 80 127 111 61 85 115 93 98 141 93 103 99 93 82 115 115 68 101 104 95 102 100 106 100 107 139 127 124 115 101 58 115 70 93 90 88 115 109 105 115 84 85 101 106 99 107 87 114 93 127 114 88 102 109 95 112 81 86 92 117 89 96 107 139 68 112 
